Number of atoms in RDKit molecule: 834
Number of atoms in OpenFF molecule: 834
charge request errors:
python: can't open file '/Users/localadmin/Documents/Documents': [Errno 2] No such file or directory

ERROR conda.cli.main_run:execute(124): `conda run python /Users/localadmin/Documents/Documents - CMDADMIN’s MacBook Air/projects/ChargeAPI/ChargeAPI/charge_models/mbis_wb_gas_esp_default.py --conformer DNMT3a_pocket
     RDKit          3D

834815  0  0  0  0  0  0  0  0999 V2000
   31.7140  -17.5560   21.0890 N   0  0  0  0  0  0  0  0  0  0  0  0
   31.3510  -18.0190   22.4230 C   0  0  2  0  0  0  0  0  0  0  0  0
   29.8600  -18.3080   22.4550 C   0  0  0  0  0  0  0  0  0  0  0  0
   29.0440  -17.4040   22.2390 O   0  0  0  0  0  0  0  0  0  0  0  0
   31.7240  -16.9850   23.4870 C   0  0  0  0  0  0  0  0  0  0  0  0
   31.7560  -17.5720   24.7780 O   0  0  0  0  0  0  0  0  0  0  0  0
   31.1058  -17.9848   20.4061 H   0  0  0  0  0  0  0  0  0  0  0  0
   31.6178  -16.5517   21.0429 H   0  0  0  0  0  0  0  0  0  0  0  0
   31.9054  -18.9301   22.6481 H   0  0  0  0  0  0  0  0  0  0  0  0
   30.9714  -16.1965   23.4832 H   0  0  0  0  0  0  0  0  0  0  0  0
   32.7072  -16.5747   23.2569 H   0  0  0  0  0  0  0  0  0  0  0  0
   32.5705  -18.0689   24.8841 H   0  0  0  0  0  0  0  0  0  0  0  0
   29.5060  -19.5590   22.7240 N   0  0  0  0  0  0  0  0  0  0  0  0
   28.1160  -19.9830   22.7870 C   0  0  2  0  0  0  0  0  0  0  0  0
   27.6950  -20.1110   24.2430 C   0  0  0  0  0  0  0  0  0  0  0  0
   28.4500  -20.6290   25.0710 O   0  0  0  0  0  0  0  0  0  0  0  0
   27.9270  -21.3070   22.0510 C   0  0  0  0  0  0  0  0  0  0  0  0
   28.6020  -21.2990   20.6740 C   0  0  0  0  0  0  0  0  0  0  0  0
   28.5280  -22.6580   20.0010 C   0  0  0  0  0  0  0  0  0  0  0  0
   27.9930  -20.2180   19.7860 C   0  0  0  0  0  0  0  0  0  0  0  0
   27.4887  -19.2371   22.2990 H   0  0  0  0  0  0  0  0  0  0  0  0
   26.8582  -21.4597   21.9014 H   0  0  0  0  0  0  0  0  0  0  0  0
   28.3582  -22.1087   22.6506 H   0  0  0  0  0  0  0  0  0  0  0  0
   29.6571  -21.0711   20.8253 H   0  0  0  0  0  0  0  0  0  0  0  0
   27.9001  -22.5892   19.1127 H   0  0  0  0  0  0  0  0  0  0  0  0
   29.5299  -22.9766   19.7132 H   0  0  0  0  0  0  0  0  0  0  0  0
   30.2301  -20.2429   22.8914 H   0  0  0  0  0  0  0  0  0  0  0  0
   28.0999  -23.3837   20.6925 H   0  0  0  0  0  0  0  0  0  0  0  0
   27.0775  -19.8448   20.2449 H   0  0  0  0  0  0  0  0  0  0  0  0
   28.7022  -19.3981   19.6724 H   0  0  0  0  0  0  0  0  0  0  0  0
   27.7628  -20.6383   18.8070 H   0  0  0  0  0  0  0  0  0  0  0  0
   26.4860  -19.6390   24.5500 N   0  0  0  0  0  0  0  0  0  0  0  0
   26.0240  -19.5300   25.9300 C   0  0  2  0  0  0  0  0  0  0  0  0
   27.0400  -18.7350   26.7440 C   0  0  0  0  0  0  0  0  0  0  0  0
   27.5530  -19.1880   27.7710 O   0  0  0  0  0  0  0  0  0  0  0  0
   25.7710  -20.9110   26.5360 C   0  0  0  0  0  0  0  0  0  0  0  0
   25.1520  -21.8860   25.5760 C   0  0  0  0  0  0  0  0  0  0  0  0
   23.7970  -21.8300   25.2890 C   0  0  0  0  0  0  0  0  0  0  0  0
   25.9260  -22.8500   24.9510 C   0  0  0  0  0  0  0  0  0  0  0  0
   23.2240  -22.7200   24.4010 C   0  0  0  0  0  0  0  0  0  0  0  0
   25.3610  -23.7440   24.0620 C   0  0  0  0  0  0  0  0  0  0  0  0
   24.0070  -23.6800   23.7870 C   0  0  0  0  0  0  0  0  0  0  0  0
   25.0726  -18.9984   25.9483 H   0  0  0  0  0  0  0  0  0  0  0  0
   25.0630  -20.7755   27.3536 H   0  0  0  0  0  0  0  0  0  0  0  0
   26.7232  -21.3185   26.8756 H   0  0  0  0  0  0  0  0  0  0  0  0
   23.1758  -21.0744   25.7699 H   0  0  0  0  0  0  0  0  0  0  0  0
   26.9938  -22.9039   25.1632 H   0  0  0  0  0  0  0  0  0  0  0  0
   22.1570  -22.6654   24.1850 H   0  0  0  0  0  0  0  0  0  0  0  0
   25.9813  -24.4985   23.5781 H   0  0  0  0  0  0  0  0  0  0  0  0
   23.5580  -24.3851   23.0875 H   0  0  0  0  0  0  0  0  0  0  0  0
   25.8707  -19.3478   23.8038 H   0  0  0  0  0  0  0  0  0  0  0  0
   27.3330  -17.5270   26.2530 N   0  0  0  0  0  0  0  0  0  0  0  0
   28.4620  -16.7540   26.7570 C   0  0  2  0  0  0  0  0  0  0  0  0
   28.3210  -16.4430   28.2410 C   0  0  0  0  0  0  0  0  0  0  0  0
   29.3200  -16.4130   28.9700 O   0  0  0  0  0  0  0  0  0  0  0  0
   28.6000  -15.4640   25.9490 C   0  0  0  0  0  0  0  0  0  0  0  0
   29.8830  -14.7150   26.2540 C   0  0  0  0  0  0  0  0  0  0  0  0
   30.9550  -15.3560   26.3010 O   0  0  0  0  0  0  0  0  0  0  0  0
   29.8170  -13.4800   26.4340 O   0  0  0  0  0  0  0  0  0  0  0  0
   29.3635  -17.3555   26.6406 H   0  0  0  0  0  0  0  0  0  0  0  0
   27.7680  -14.8149   26.2222 H   0  0  0  0  0  0  0  0  0  0  0  0
   28.5851  -15.7133   24.8880 H   0  0  0  0  0  0  0  0  0  0  0  0
   26.7597  -17.1410   25.5165 H   0  0  0  0  0  0  0  0  0  0  0  0
   27.0960  -16.2080   28.7040 N   0  0  0  0  0  0  0  0  0  0  0  0
   26.8730  -15.8100   30.0790 C   0  0  0  0  0  0  0  0  0  0  0  0
   27.3350  -14.3930   30.3440 C   0  0  0  0  0  0  0  0  0  0  0  0
   26.8300  -13.4470   29.7290 O   0  0  0  0  0  0  0  0  0  0  0  0
   27.4513  -16.4764   30.7189 H   0  0  0  0  0  0  0  0  0  0  0  0
   25.8074  -15.8796   30.2973 H   0  0  0  0  0  0  0  0  0  0  0  0
   26.3051  -16.3092   28.0840 H   0  0  0  0  0  0  0  0  0  0  0  0
   28.3090  -14.2310   31.2430 N   0  0  0  0  0  0  0  0  0  0  0  0
   28.8190  -12.9080   31.5910 C   0  0  2  0  0  0  0  0  0  0  0  0
   30.2060  -12.6950   30.9940 C   0  0  0  0  0  0  0  0  0  0  0  0
   31.0420  -11.9920   31.5760 O   0  0  0  0  0  0  0  0  0  0  0  0
   28.8340  -12.7020   33.1180 C   0  0  2  0  0  0  0  0  0  0  0  0
   29.5880  -13.8350   33.8130 C   0  0  0  0  0  0  0  0  0  0  0  0
   27.4130  -12.6140   33.6510 C   0  0  0  0  0  0  0  0  0  0  0  0
   29.5770  -13.7230   35.3240 C   0  0  0  0  0  0  0  0  0  0  0  0
   28.1474  -12.1623   31.1655 H   0  0  0  0  0  0  0  0  0  0  0  0
   29.3506  -11.7660   33.3305 H   0  0  0  0  0  0  0  0  0  0  0  0
   28.7029  -15.0445   31.6937 H   0  0  0  0  0  0  0  0  0  0  0  0
   30.6281  -13.7749   33.4924 H   0  0  0  0  0  0  0  0  0  0  0  0
   29.1269  -14.7819   33.5321 H   0  0  0  0  0  0  0  0  0  0  0  0
   26.7337  -13.1075   32.9560 H   0  0  0  0  0  0  0  0  0  0  0  0
   27.3577  -13.1050   34.6226 H   0  0  0  0  0  0  0  0  0  0  0  0
   27.1277  -11.5672   33.7555 H   0  0  0  0  0  0  0  0  0  0  0  0
   28.9386  -12.8911   35.6215 H   0  0  0  0  0  0  0  0  0  0  0  0
   29.1924  -14.6475   35.7546 H   0  0  0  0  0  0  0  0  0  0  0  0
   30.5911  -13.5485   35.6834 H   0  0  0  0  0  0  0  0  0  0  0  0
   30.4530  -13.3000   29.8290 N   0  0  0  0  0  0  0  0  0  0  0  0
   31.6480  -13.0320   29.0240 C   0  0  2  0  0  0  0  0  0  0  0  0
   32.9280  -13.4030   29.7660 C   0  0  0  0  0  0  0  0  0  0  0  0
   33.9580  -12.7360   29.6340 O   0  0  0  0  0  0  0  0  0  0  0  0
   31.6920  -11.5730   28.5640 C   0  0  0  0  0  0  0  0  0  0  0  0
   31.5848  -13.6662   28.1397 H   0  0  0  0  0  0  0  0  0  0  0  0
   32.7297  -11.2617   28.4437 H   0  0  0  0  0  0  0  0  0  0  0  0
   31.1714  -11.4759   27.6113 H   0  0  0  0  0  0  0  0  0  0  0  0
   31.2079  -10.9417   29.3092 H   0  0  0  0  0  0  0  0  0  0  0  0
   29.7840  -13.9746   29.4864 H   0  0  0  0  0  0  0  0  0  0  0  0
   32.8640  -14.4830   30.5510 N   0  0  0  0  0  0  0  0  0  0  0  0
   34.0550  -14.9830   31.2280 C   0  0  2  0  0  0  0  0  0  0  0  0
   35.1830  -15.2550   30.2380 C   0  0  0  0  0  0  0  0  0  0  0  0
   36.3520  -14.9680   30.5220 O   0  0  0  0  0  0  0  0  0  0  0  0
   33.7250  -16.2560   32.0100 C   0  0  1  0  0  0  0  0  0  0  0  0
   34.8620  -16.6020   32.9720 C   0  0  0  0  0  0  0  0  0  0  0  0
   32.5110  -16.0710   32.7490 O   0  0  0  0  0  0  0  0  0  0  0  0
   34.3926  -14.2135   31.9222 H   0  0  0  0  0  0  0  0  0  0  0  0
   33.5997  -17.0760   31.3029 H   0  0  0  0  0  0  0  0  0  0  0  0
   35.6931  -15.9148   32.8135 H   0  0  0  0  0  0  0  0  0  0  0  0
   34.5090  -16.5134   33.9995 H   0  0  0  0  0  0  0  0  0  0  0  0
   31.9815  -14.9578   30.6766 H   0  0  0  0  0  0  0  0  0  0  0  0
   35.1957  -17.6233   32.7886 H   0  0  0  0  0  0  0  0  0  0  0  0
   32.2922  -15.1367   32.7773 H   0  0  0  0  0  0  0  0  0  0  0  0
   34.8480  -15.7960   29.0640 N   0  0  0  0  0  0  0  0  0  0  0  0
   35.8770  -16.1200   28.0880 C   0  0  0  0  0  0  0  0  0  0  0  0
   36.6140  -14.8990   27.5800 C   0  0  0  0  0  0  0  0  0  0  0  0
   37.8170  -14.9550   27.3100 O   0  0  0  0  0  0  0  0  0  0  0  0
   35.3825  -16.5817   27.2334 H   0  0  0  0  0  0  0  0  0  0  0  0
   36.5974  -16.7936   28.5520 H   0  0  0  0  0  0  0  0  0  0  0  0
   36.0760  -13.9598   27.4512 H   0  0  0  0  0  0  0  0  0  0  0  0
   33.8777  -15.9807   28.8531 H   0  0  0  0  0  0  0  0  0  0  0  0
   34.8600  -11.0720   19.0560 N   0  0  0  0  0  0  0  0  0  0  0  0
   34.3210  -11.9750   20.0700 C   0  0  2  0  0  0  0  0  0  0  0  0
   32.8070  -11.9700   19.8920 C   0  0  0  0  0  0  0  0  0  0  0  0
   32.1220  -11.0500   20.3490 O   0  0  0  0  0  0  0  0  0  0  0  0
   34.7290  -11.5380   21.4720 C   0  0  0  0  0  0  0  0  0  0  0  0
   34.3530  -12.4890   22.5880 C   0  0  0  0  0  0  0  0  0  0  0  0
   33.0770  -12.4730   23.1470 C   0  0  0  0  0  0  0  0  0  0  0  0
   35.2830  -13.3830   23.1060 C   0  0  0  0  0  0  0  0  0  0  0  0
   32.7350  -13.3290   24.1820 C   0  0  0  0  0  0  0  0  0  0  0  0
   34.9530  -14.2440   24.1400 C   0  0  0  0  0  0  0  0  0  0  0  0
   33.6760  -14.2130   24.6740 C   0  0  0  0  0  0  0  0  0  0  0  0
   33.3440  -15.0680   25.7030 O   0  0  0  0  0  0  0  0  0  0  0  0
   34.8851  -10.1309   19.4217 H   0  0  0  0  0  0  0  0  0  0  0  0
   34.7168  -12.9833   19.9490 H   0  0  0  0  0  0  0  0  0  0  0  0
   32.3242  -12.7870   19.3558 H   0  0  0  0  0  0  0  0  0  0  0  0
   34.2733  -11.0990   18.2343 H   0  0  0  0  0  0  0  0  0  0  0  0
   34.1812  -10.6163   21.6683 H   0  0  0  0  0  0  0  0  0  0  0  0
   35.8121  -11.4166   21.4844 H   0  0  0  0  0  0  0  0  0  0  0  0
   32.3337  -11.7742   22.7632 H   0  0  0  0  0  0  0  0  0  0  0  0
   36.2906  -13.4070   22.6909 H   0  0  0  0  0  0  0  0  0  0  0  0
   31.7307  -13.3050   24.6049 H   0  0  0  0  0  0  0  0  0  0  0  0
   35.6940  -14.9414   24.5306 H   0  0  0  0  0  0  0  0  0  0  0  0
   33.4049  -14.6014   26.5397 H   0  0  0  0  0  0  0  0  0  0  0  0
   29.1920  -13.5820   20.5600 N   0  0  0  0  0  0  0  0  0  0  0  0
   28.5620  -14.3140   21.6480 C   0  0  2  0  0  0  0  0  0  0  0  0
   27.0950  -14.5680   21.3350 C   0  0  0  0  0  0  0  0  0  0  0  0
   26.3890  -13.6870   20.8290 O   0  0  0  0  0  0  0  0  0  0  0  0
   28.6930  -13.5510   22.9660 C   0  0  0  0  0  0  0  0  0  0  0  0
   29.2445  -12.6020   20.7988 H   0  0  0  0  0  0  0  0  0  0  0  0
   29.0726  -15.2713   21.7527 H   0  0  0  0  0  0  0  0  0  0  0  0
   29.2754  -12.6440   22.8038 H   0  0  0  0  0  0  0  0  0  0  0  0
   27.7016  -13.2848   23.3325 H   0  0  0  0  0  0  0  0  0  0  0  0
   29.1964  -14.1787   23.7014 H   0  0  0  0  0  0  0  0  0  0  0  0
   28.6468  -13.6950   19.7174 H   0  0  0  0  0  0  0  0  0  0  0  0
   26.6510  -15.7870   21.6280 N   0  0  0  0  0  0  0  0  0  0  0  0
   25.2440  -16.1580   21.5670 C   0  0  2  0  0  0  0  0  0  0  0  0
   24.7410  -16.3040   22.9920 C   0  0  0  0  0  0  0  0  0  0  0  0
   25.2590  -17.1300   23.7560 O   0  0  0  0  0  0  0  0  0  0  0  0
   25.0370  -17.4540   20.7820 C   0  0  0  0  0  0  0  0  0  0  0  0
   23.7230  -17.9600   20.9880 O   0  0  0  0  0  0  0  0  0  0  0  0
   24.6832  -15.3844   21.0424 H   0  0  0  0  0  0  0  0  0  0  0  0
   25.7570  -18.1944   21.1305 H   0  0  0  0  0  0  0  0  0  0  0  0
   25.1836  -17.2576   19.7199 H   0  0  0  0  0  0  0  0  0  0  0  0
   23.4435  -17.7698   21.8865 H   0  0  0  0  0  0  0  0  0  0  0  0
   27.3217  -16.4890   21.9061 H   0  0  0  0  0  0  0  0  0  0  0  0
   23.7310  -15.5110   23.3390 N   0  0  0  0  0  0  0  0  0  0  0  0
   23.1970  -15.4250   24.6900 C   0  0  2  0  0  0  0  0  0  0  0  0
   21.8040  -14.8310   24.5690 C   0  0  0  0  0  0  0  0  0  0  0  0
   21.5280  -14.0860   23.6260 O   0  0  0  0  0  0  0  0  0  0  0  0
   24.1060  -14.5620   25.5810 C   0  0  0  0  0  0  0  0  0  0  0  0
   23.6850  -14.4560   27.0420 C   0  0  0  0  0  0  0  0  0  0  0  0
   23.3470  -15.7960   27.6500 C   0  0  0  0  0  0  0  0  0  0  0  0
   22.1430  -16.0860   27.8170 O   0  0  0  0  0  0  0  0  0  0  0  0
   24.2880  -16.5640   27.9450 O   0  0  0  0  0  0  0  0  0  0  0  0
   23.1518  -16.4068   25.1612 H   0  0  0  0  0  0  0  0  0  0  0  0
   24.0453  -13.5508   25.1787 H   0  0  0  0  0  0  0  0  0  0  0  0
   25.1091  -14.9874   25.5501 H   0  0  0  0  0  0  0  0  0  0  0  0
   22.7860  -13.8409   27.0813 H   0  0  0  0  0  0  0  0  0  0  0  0
   23.3105  -14.9353   22.6236 H   0  0  0  0  0  0  0  0  0  0  0  0
   24.5022  -14.0110   27.6096 H   0  0  0  0  0  0  0  0  0  0  0  0
   20.9250  -15.1700   25.5100 N   0  0  0  0  0  0  0  0  0  0  0  0
   19.5610  -14.6500   25.4920 C   0  0  2  0  0  0  0  0  0  0  0  0
   19.1550  -13.9690   26.7910 C   0  0  0  0  0  0  0  0  0  0  0  0
   18.1920  -13.1860   26.7770 O   0  0  0  0  0  0  0  0  0  0  0  0
   18.5330  -15.7530   25.1320 C   0  0  0  0  0  0  0  0  0  0  0  0
   18.7280  -16.2130   23.6990 C   0  0  0  0  0  0  0  0  0  0  0  0
   18.6040  -16.9180   26.1050 C   0  0  0  0  0  0  0  0  0  0  0  0
   19.5556  -13.8876   24.7131 H   0  0  0  0  0  0  0  0  0  0  0  0
   17.5338  -15.3260   25.2174 H   0  0  0  0  0  0  0  0  0  0  0  0
   19.7792  -16.4491   23.5337 H   0  0  0  0  0  0  0  0  0  0  0  0
   18.1236  -17.1016   23.5166 H   0  0  0  0  0  0  0  0  0  0  0  0
   18.4229  -15.4191   23.0172 H   0  0  0  0  0  0  0  0  0  0  0  0
   19.0801  -16.5903   27.0292 H   0  0  0  0  0  0  0  0  0  0  0  0
   21.2069  -15.7979   26.2492 H   0  0  0  0  0  0  0  0  0  0  0  0
   17.5965  -17.2728   26.3220 H   0  0  0  0  0  0  0  0  0  0  0  0
   19.1871  -17.7260   25.6633 H   0  0  0  0  0  0  0  0  0  0  0  0
   19.8250  -14.2340   27.9110 N   0  0  0  0  0  0  0  0  0  0  0  0
   19.4990  -13.5600   29.1650 C   0  0  2  0  0  0  0  0  0  0  0  0
   19.9410  -12.1080   29.1040 C   0  0  0  0  0  0  0  0  0  0  0  0
   21.1280  -11.8310   28.9130 O   0  0  0  0  0  0  0  0  0  0  0  0
   20.1680  -14.2540   30.3450 C   0  0  0  0  0  0  0  0  0  0  0  0
   19.5890  -13.6560   31.9440 S   0  0  0  0  0  0  0  0  0  0  0  0
   18.4190  -13.6041   29.3059 H   0  0  0  0  0  0  0  0  0  0  0  0
   21.2344  -14.0364   30.2855 H   0  0  0  0  0  0  0  0  0  0  0  0
   19.9642  -15.3228   30.2799 H   0  0  0  0  0  0  0  0  0  0  0  0
   19.6307  -12.3168   31.9626 H   0  0  0  0  0  0  0  0  0  0  0  0
   20.5721  -14.9134   27.8929 H   0  0  0  0  0  0  0  0  0  0  0  0
   18.9940  -11.1780   29.2680 N   0  0  0  0  0  0  0  0  0  0  0  0
   19.3350   -9.7680   29.1040 C   0  0  2  0  0  0  0  0  0  0  0  0
   20.2110   -9.2680   30.2440 C   0  0  0  0  0  0  0  0  0  0  0  0
   20.9900   -8.3310   30.0460 O   0  0  0  0  0  0  0  0  0  0  0  0
   18.0700   -8.9260   28.9760 C   0  0  0  0  0  0  0  0  0  0  0  0
   17.2930   -8.7170   30.2630 C   0  0  0  0  0  0  0  0  0  0  0  0
   16.3700   -7.5140   30.2040 C   0  0  0  0  0  0  0  0  0  0  0  0
   16.1430   -6.9940   29.0910 O   0  0  0  0  0  0  0  0  0  0  0  0
   15.8680   -7.0900   31.2690 O   0  0  0  0  0  0  0  0  0  0  0  0
   19.9117   -9.6672   28.1846 H   0  0  0  0  0  0  0  0  0  0  0  0
   20.1509   -9.7337   31.2277 H   0  0  0  0  0  0  0  0  0  0  0  0
   17.4067   -9.4807   28.3123 H   0  0  0  0  0  0  0  0  0  0  0  0
   18.3548   -7.9466   28.5917 H   0  0  0  0  0  0  0  0  0  0  0  0
   18.0500  -11.4491   29.5035 H   0  0  0  0  0  0  0  0  0  0  0  0
   18.0171   -8.5361   31.0574 H   0  0  0  0  0  0  0  0  0  0  0  0
   16.6944   -9.6069   30.4576 H   0  0  0  0  0  0  0  0  0  0  0  0
   22.5610  -11.2340   31.5500 N   0  0  0  0  0  0  0  0  0  0  0  0
   23.8490  -11.7220   31.0610 C   0  0  2  0  0  0  0  0  0  0  0  0
   24.4450  -10.7580   30.0440 C   0  0  0  0  0  0  0  0  0  0  0  0
   25.6150  -10.3620   30.1500 O   0  0  0  0  0  0  0  0  0  0  0  0
   23.6820  -13.1100   30.4400 C   0  0  0  0  0  0  0  0  0  0  0  0
   23.4090  -14.0960   31.4130 O   0  0  0  0  0  0  0  0  0  0  0  0
   22.3050  -10.3962   31.0474 H   0  0  0  0  0  0  0  0  0  0  0  0
   24.5339  -11.7901   31.9062 H   0  0  0  0  0  0  0  0  0  0  0  0
   24.6185  -13.3732   29.9483 H   0  0  0  0  0  0  0  0  0  0  0  0
   22.8579  -13.0804   29.7272 H   0  0  0  0  0  0  0  0  0  0  0  0
   23.5032  -13.7160   32.2896 H   0  0  0  0  0  0  0  0  0  0  0  0
   22.6310  -11.0275   32.5362 H   0  0  0  0  0  0  0  0  0  0  0  0
   23.6340  -10.3430   29.0680 N   0  0  0  0  0  0  0  0  0  0  0  0
   24.1240   -9.5110   27.9770 C   0  0  2  0  0  0  0  0  0  0  0  0
   24.5640   -8.1490   28.4950 C   0  0  0  0  0  0  0  0  0  0  0  0
   25.5650   -7.5870   28.0340 O   0  0  0  0  0  0  0  0  0  0  0  0
   23.0370   -9.3920   26.8950 C   0  0  2  0  0  0  0  0  0  0  0  0
   22.7940  -10.7560   26.2430 C   0  0  0  0  0  0  0  0  0  0  0  0
   23.4010   -8.3270   25.8610 C   0  0  0  0  0  0  0  0  0  0  0  0
   21.5050  -10.8450   25.4660 C   0  0  0  0  0  0  0  0  0  0  0  0
   25.0009   -9.9775   27.5282 H   0  0  0  0  0  0  0  0  0  0  0  0
   23.9892   -7.6622   29.2829 H   0  0  0  0  0  0  0  0  0  0  0  0
   22.1080   -9.0714   27.3665 H   0  0  0  0  0  0  0  0  0  0  0  0
   22.7244  -11.4832   27.0519 H   0  0  0  0  0  0  0  0  0  0  0  0
   23.6199  -10.9631   25.5625 H   0  0  0  0  0  0  0  0  0  0  0  0
   22.6605  -10.6114   29.0864 H   0  0  0  0  0  0  0  0  0  0  0  0
   24.4189   -8.4956   25.5095 H   0  0  0  0  0  0  0  0  0  0  0  0
   22.7118   -8.3870   25.0187 H   0  0  0  0  0  0  0  0  0  0  0  0
   23.3335   -7.3392   26.3168 H   0  0  0  0  0  0  0  0  0  0  0  0
   20.7651  -10.1815   25.9136 H   0  0  0  0  0  0  0  0  0  0  0  0
   21.6817  -10.5468   24.4326 H   0  0  0  0  0  0  0  0  0  0  0  0
   21.1352  -11.8700   25.4908 H   0  0  0  0  0  0  0  0  0  0  0  0
   24.5300  -12.1060   19.1160 N   0  0  0  0  0  0  0  0  0  0  0  0
   23.8110  -12.6640   17.9730 C   0  0  2  0  0  0  0  0  0  0  0  0
   22.5650  -13.4280   18.4030 C   0  0  0  0  0  0  0  0  0  0  0  0
   22.0170  -14.2240   17.6310 O   0  0  0  0  0  0  0  0  0  0  0  0
   24.7340  -13.5660   17.1320 C   0  0  0  0  0  0  0  0  0  0  0  0
   25.8610  -12.7480   16.5270 C   0  0  0  0  0  0  0  0  0  0  0  0
   25.2830  -14.7090   17.9760 C   0  0  0  0  0  0  0  0  0  0  0  0
   24.7846  -12.8498   19.7500 H   0  0  0  0  0  0  0  0  0  0  0  0
   23.4860  -11.8258   17.3566 H   0  0  0  0  0  0  0  0  0  0  0  0
   24.1508  -13.9991   16.3194 H   0  0  0  0  0  0  0  0  0  0  0  0
   26.7476  -13.3734   16.4227 H   0  0  0  0  0  0  0  0  0  0  0  0
   25.5584  -12.3811   15.5462 H   0  0  0  0  0  0  0  0  0  0  0  0
   26.0874  -11.9033   17.1776 H   0  0  0  0  0  0  0  0  0  0  0  0
   26.2010  -14.3880   18.4682 H   0  0  0  0  0  0  0  0  0  0  0  0
   24.5472  -14.9913   18.7290 H   0  0  0  0  0  0  0  0  0  0  0  0
   25.4950  -15.5651   17.3355 H   0  0  0  0  0  0  0  0  0  0  0  0
   23.9384  -11.4422   19.5951 H   0  0  0  0  0  0  0  0  0  0  0  0
   22.1060  -13.1970   19.6320 N   0  0  0  0  0  0  0  0  0  0  0  0
   20.8190  -13.7250   20.0440 C   0  0  0  0  0  0  0  0  0  0  0  0
   20.8170  -15.2280   20.2730 C   0  0  0  0  0  0  0  0  0  0  0  0
   21.8340  -15.8430   20.6100 O   0  0  0  0  0  0  0  0  0  0  0  0
   20.1202  -13.5271   19.2312 H   0  0  0  0  0  0  0  0  0  0  0  0
   20.5271  -13.2348   20.9728 H   0  0  0  0  0  0  0  0  0  0  0  0
   22.6564  -12.6518   20.2800 H   0  0  0  0  0  0  0  0  0  0  0  0
   19.6360  -15.8210   20.0860 N   0  0  0  0  0  0  0  0  0  0  0  0
   19.4400  -17.2500   20.3030 C   0  0  2  0  0  0  0  0  0  0  0  0
   20.3760  -18.0750   19.4260 C   0  0  0  0  0  0  0  0  0  0  0  0
   20.5350  -17.8060   18.2310 O   0  0  0  0  0  0  0  0  0  0  0  0
   17.9810  -17.6190   20.0120 C   0  0  0  0  0  0  0  0  0  0  0  0
   17.5570  -18.9270   20.6630 C   0  0  0  0  0  0  0  0  0  0  0  0
   18.3040  -19.9240   20.5890 O   0  0  0  0  0  0  0  0  0  0  0  0
   16.4570  -18.9560   21.2520 O   0  0  0  0  0  0  0  0  0  0  0  0
   19.6721  -17.4756   21.3438 H   0  0  0  0  0  0  0  0  0  0  0  0
   17.8862  -17.7463   18.9336 H   0  0  0  0  0  0  0  0  0  0  0  0
   18.8514  -15.2613   19.7840 H   0  0  0  0  0  0  0  0  0  0  0  0
   17.3392  -16.8207   20.3848 H   0  0  0  0  0  0  0  0  0  0  0  0
   20.9860  -19.0970   20.0320 N   0  0  0  0  0  0  0  0  0  0  0  0
   21.9160  -19.9510   19.2980 C   0  0  2  0  0  0  0  0  0  0  0  0
   21.1900  -20.7640   18.2330 C   0  0  0  0  0  0  0  0  0  0  0  0
   21.7610  -21.0670   17.1780 O   0  0  0  0  0  0  0  0  0  0  0  0
   22.6910  -20.8550   20.2750 C   0  0  0  0  0  0  0  0  0  0  0  0
   21.7470  -21.8210   20.9820 C   0  0  0  0  0  0  0  0  0  0  0  0
   23.7950  -21.5980   19.5490 C   0  0  0  0  0  0  0  0  0  0  0  0
   22.6368  -19.3180   18.7804 H   0  0  0  0  0  0  0  0  0  0  0  0
   23.1528  -20.2259   21.0360 H   0  0  0  0  0  0  0  0  0  0  0  0
   20.8010  -21.8642   20.4422 H   0  0  0  0  0  0  0  0  0  0  0  0
   22.1953  -22.8142   21.0083 H   0  0  0  0  0  0  0  0  0  0  0  0
   20.8022  -19.2812   21.0079 H   0  0  0  0  0  0  0  0  0  0  0  0
   21.5682  -21.4754   22.0002 H   0  0  0  0  0  0  0  0  0  0  0  0
   24.6914  -21.6118   20.1689 H   0  0  0  0  0  0  0  0  0  0  0  0
   23.4755  -22.6210   19.3503 H   0  0  0  0  0  0  0  0  0  0  0  0
   24.0133  -21.0954   18.6067 H   0  0  0  0  0  0  0  0  0  0  0  0
   19.9300  -21.1220   18.4730 N   0  0  0  0  0  0  0  0  0  0  0  0
   19.1670  -21.8560   17.4730 C   0  0  2  0  0  0  0  0  0  0  0  0
   18.8380  -21.0100   16.2510 C   0  0  0  0  0  0  0  0  0  0  0  0
   18.2350  -21.5250   15.3040 O   0  0  0  0  0  0  0  0  0  0  0  0
   17.8900  -22.4090   18.1110 C   0  0  0  0  0  0  0  0  0  0  0  0
   18.1730  -23.3490   19.2790 C   0  0  0  0  0  0  0  0  0  0  0  0
   16.9330  -23.6420   20.1060 C   0  0  0  0  0  0  0  0  0  0  0  0
   16.4130  -22.4470   20.7660 N   0  0  0  0  0  0  0  0  0  0  0  0
   15.4510  -22.4580   21.6820 C   0  0  0  0  0  0  0  0  0  0  0  0
   14.8970  -23.6040   22.0550 N   0  0  0  0  0  0  0  0  0  0  0  0
   15.0360  -21.3220   22.2260 N   0  0  0  0  0  0  0  0  0  0  0  0
   19.7873  -22.6792   17.1187 H   0  0  0  0  0  0  0  0  0  0  0  0
   17.3636  -22.9825   17.3481 H   0  0  0  0  0  0  0  0  0  0  0  0
   17.2903  -21.5737   18.4725 H   0  0  0  0  0  0  0  0  0  0  0  0
   18.8958  -22.8577   19.9304 H   0  0  0  0  0  0  0  0  0  0  0  0
   18.5614  -24.2885   18.8858 H   0  0  0  0  0  0  0  0  0  0  0  0
   17.2098  -24.3572   20.8805 H   0  0  0  0  0  0  0  0  0  0  0  0
   16.1610  -24.0457   19.4509 H   0  0  0  0  0  0  0  0  0  0  0  0
   16.8106  -21.5548   20.5093 H   0  0  0  0  0  0  0  0  0  0  0  0
   14.1647  -23.6081   22.7506 H   0  0  0  0  0  0  0  0  0  0  0  0
   19.5003  -20.8827   19.3551 H   0  0  0  0  0  0  0  0  0  0  0  0
   15.2074  -24.4725   21.6434 H   0  0  0  0  0  0  0  0  0  0  0  0
   15.4526  -20.4458   21.9452 H   0  0  0  0  0  0  0  0  0  0  0  0
   14.3033  -21.3330   22.9211 H   0  0  0  0  0  0  0  0  0  0  0  0
   19.2260  -19.7360   16.2490 N   0  0  0  0  0  0  0  0  0  0  0  0
   19.0810  -18.8520   15.1020 C   0  0  2  0  0  0  0  0  0  0  0  0
   20.3930  -18.6380   14.3620 C   0  0  0  0  0  0  0  0  0  0  0  0
   20.4350  -17.8410   13.4200 O   0  0  0  0  0  0  0  0  0  0  0  0
   18.5140  -17.5010   15.5470 C   0  0  0  0  0  0  0  0  0  0  0  0
   19.5090  -16.7170   16.1890 O   0  0  0  0  0  0  0  0  0  0  0  0
   18.3910  -19.3366   14.4112 H   0  0  0  0  0  0  0  0  0  0  0  0
   17.7046  -17.6809   16.2545 H   0  0  0  0  0  0  0  0  0  0  0  0
   18.1447  -16.9637   14.6735 H   0  0  0  0  0  0  0  0  0  0  0  0
   19.7767  -17.1449   17.0056 H   0  0  0  0  0  0  0  0  0  0  0  0
   19.6437  -19.3629   17.0895 H   0  0  0  0  0  0  0  0  0  0  0  0
   21.4610  -19.3180   14.7670 N   0  0  0  0  0  0  0  0  0  0  0  0
   22.7610  -19.1930   14.1180 C   0  0  2  0  0  0  0  0  0  0  0  0
   22.8240  -20.2120   12.9890 C   0  0  0  0  0  0  0  0  0  0  0  0
   22.8120  -21.4220   13.2300 O   0  0  0  0  0  0  0  0  0  0  0  0
   23.9140  -19.3910   15.1080 C   0  0  0  0  0  0  0  0  0  0  0  0
   25.2170  -18.9190   14.4900 C   0  0  0  0  0  0  0  0  0  0  0  0
   23.6400  -18.6360   16.4010 C   0  0  0  0  0  0  0  0  0  0  0  0
   22.8724  -18.1845   13.7197 H   0  0  0  0  0  0  0  0  0  0  0  0
   22.8804  -19.8689   11.9560 H   0  0  0  0  0  0  0  0  0  0  0  0
   23.9975  -20.4529   15.3392 H   0  0  0  0  0  0  0  0  0  0  0  0
   26.0079  -19.6322   14.7222 H   0  0  0  0  0  0  0  0  0  0  0  0
   21.3687  -19.9447   15.5537 H   0  0  0  0  0  0  0  0  0  0  0  0
   25.1012  -18.8450   13.4087 H   0  0  0  0  0  0  0  0  0  0  0  0
   25.4792  -17.9418   14.8956 H   0  0  0  0  0  0  0  0  0  0  0  0
   22.6024  -18.7891   16.6976 H   0  0  0  0  0  0  0  0  0  0  0  0
   24.2999  -19.0063   17.1855 H   0  0  0  0  0  0  0  0  0  0  0  0
   23.8199  -17.5721   16.2463 H   0  0  0  0  0  0  0  0  0  0  0  0
   34.1410  -21.6980   22.0620 N   0  0  0  0  0  0  0  0  0  0  0  0
   33.9950  -22.0580   23.4670 C   0  0  2  0  0  0  0  0  0  0  0  0
   32.5360  -21.9230   23.8790 C   0  0  0  0  0  0  0  0  0  0  0  0
   31.8050  -21.0580   23.3850 O   0  0  0  0  0  0  0  0  0  0  0  0
   34.8930  -21.1910   24.3790 C   0  0  2  0  0  0  0  0  0  0  0  0
   34.7130  -19.7080   24.0440 C   0  0  0  0  0  0  0  0  0  0  0  0
   36.3520  -21.6030   24.2370 C   0  0  0  0  0  0  0  0  0  0  0  0
   35.1580  -18.7660   25.1480 C   0  0  0  0  0  0  0  0  0  0  0  0
   33.7565  -20.7768   21.9082 H   0  0  0  0  0  0  0  0  0  0  0  0
   34.3154  -23.0930   23.5861 H   0  0  0  0  0  0  0  0  0  0  0  0
   34.5946  -21.3487   25.4154 H   0  0  0  0  0  0  0  0  0  0  0  0
   33.6446  -19.5448   23.9029 H   0  0  0  0  0  0  0  0  0  0  0  0
   35.2932  -19.4856   23.1485 H   0  0  0  0  0  0  0  0  0  0  0  0
   36.9616  -21.0241   24.9308 H   0  0  0  0  0  0  0  0  0  0  0  0
   36.4541  -22.6644   24.4630 H   0  0  0  0  0  0  0  0  0  0  0  0
   36.6857  -21.4145   23.2166 H   0  0  0  0  0  0  0  0  0  0  0  0
   36.0392  -18.2142   24.8207 H   0  0  0  0  0  0  0  0  0  0  0  0
   34.3544  -18.0652   25.3743 H   0  0  0  0  0  0  0  0  0  0  0  0
   33.6490  -22.3687   21.4892 H   0  0  0  0  0  0  0  0  0  0  0  0
   35.4013  -19.3414   26.0412 H   0  0  0  0  0  0  0  0  0  0  0  0
   32.1170  -22.7810   24.8000 N   0  0  0  0  0  0  0  0  0  0  0  0
   30.7500  -22.7320   25.2740 C   0  0  0  0  0  0  0  0  0  0  0  0
   30.5140  -23.7010   26.4070 C   0  0  0  0  0  0  0  0  0  0  0  0
   31.2660  -24.6630   26.6010 O   0  0  0  0  0  0  0  0  0  0  0  0
   30.0954  -23.0110   24.4483 H   0  0  0  0  0  0  0  0  0  0  0  0
   30.5324  -21.7221   25.6216 H   0  0  0  0  0  0  0  0  0  0  0  0
   32.7541  -23.4709   25.1718 H   0  0  0  0  0  0  0  0  0  0  0  0
   29.4610  -23.4160   27.1640 N   0  0  0  0  0  0  0  0  0  0  0  0
   28.9380  -24.3140   28.1740 C   0  0  0  0  0  0  0  0  0  0  0  0
   27.4260  -24.2120   28.2090 C   0  0  0  0  0  0  0  0  0  0  0  0
   26.8800  -23.2100   28.6770 O   0  0  0  0  0  0  0  0  0  0  0  0
   29.3425  -24.0389   29.1481 H   0  0  0  0  0  0  0  0  0  0  0  0
   29.2281  -25.3374   27.9363 H   0  0  0  0  0  0  0  0  0  0  0  0
   29.0007  -22.5272   27.0289 H   0  0  0  0  0  0  0  0  0  0  0  0
   26.7370  -25.2290   27.6990 N   0  0  0  0  0  0  0  0  0  0  0  0
   25.2920  -25.1610   27.5410 C   0  0  2  0  0  0  0  0  0  0  0  0
   24.5890  -25.4220   28.8710 C   0  0  0  0  0  0  0  0  0  0  0  0
   25.1640  -26.0280   29.7780 O   0  0  0  0  0  0  0  0  0  0  0  0
   24.8310  -26.1630   26.4830 C   0  0  0  0  0  0  0  0  0  0  0  0
   25.1480  -27.4970   26.8350 O   0  0  0  0  0  0  0  0  0  0  0  0
   25.0265  -24.1568   27.2105 H   0  0  0  0  0  0  0  0  0  0  0  0
   25.3506  -25.9302   25.5535 H   0  0  0  0  0  0  0  0  0  0  0  0
   27.2268  -26.0656   27.4156 H   0  0  0  0  0  0  0  0  0  0  0  0
   23.7508  -26.0777   26.3650 H   0  0  0  0  0  0  0  0  0  0  0  0
   25.2688  -28.0187   26.0382 H   0  0  0  0  0  0  0  0  0  0  0  0
   23.3460  -24.9490   29.0140 N   0  0  0  0  0  0  0  0  0  0  0  0
   22.6050  -25.1540   30.2670 C   0  0  2  0  0  0  0  0  0  0  0  0
   22.6470  -26.6010   30.7400 C   0  0  0  0  0  0  0  0  0  0  0  0
   22.5380  -27.5400   29.9510 O   0  0  0  0  0  0  0  0  0  0  0  0
   21.1800  -24.7290   29.9010 C   0  0  0  0  0  0  0  0  0  0  0  0
   21.3670  -23.6930   28.8490 C   0  0  0  0  0  0  0  0  0  0  0  0
   22.6160  -24.0700   28.0810 C   0  0  0  0  0  0  0  0  0  0  0  0
   20.6222  -24.3558   30.7599 H   0  0  0  0  0  0  0  0  0  0  0  0
   20.6106  -25.5746   29.5151 H   0  0  0  0  0  0  0  0  0  0  0  0
   21.4639  -22.7010   29.2901 H   0  0  0  0  0  0  0  0  0  0  0  0
   20.5058  -23.6757   28.1811 H   0  0  0  0  0  0  0  0  0  0  0  0
   22.3973  -24.5528   27.1286 H   0  0  0  0  0  0  0  0  0  0  0  0
   23.0287  -24.5876   31.0963 H   0  0  0  0  0  0  0  0  0  0  0  0
   23.2050  -23.1860   27.8367 H   0  0  0  0  0  0  0  0  0  0  0  0
   22.8070  -26.7700   32.0500 N   0  0  0  0  0  0  0  0  0  0  0  0
   22.8750  -28.0830   32.6730 C   0  0  2  0  0  0  0  0  0  0  0  0
   21.6790  -28.3610   33.5720 C   0  0  0  0  0  0  0  0  0  0  0  0
   21.6520  -29.3930   34.2500 O   0  0  0  0  0  0  0  0  0  0  0  0
   24.1710  -28.2190   33.4750 C   0  0  0  0  0  0  0  0  0  0  0  0
   24.3240  -27.0160   34.8150 S   0  0  0  0  0  0  0  0  0  0  0  0
   22.8582  -28.8204   31.8705 H   0  0  0  0  0  0  0  0  0  0  0  0
   24.9940  -28.0338   32.7847 H   0  0  0  0  0  0  0  0  0  0  0  0
   24.2076  -29.2202   33.9043 H   0  0  0  0  0  0  0  0  0  0  0  0
   24.8844  -27.6029   35.8813 H   0  0  0  0  0  0  0  0  0  0  0  0
   22.8846  -25.9518   32.6370 H   0  0  0  0  0  0  0  0  0  0  0  0
   20.6900  -27.4650   33.5970 N   0  0  0  0  0  0  0  0  0  0  0  0
   19.5740  -27.6210   34.5220 C   0  0  2  0  0  0  0  0  0  0  0  0
   18.6620  -28.7880   34.1630 C   0  0  0  0  0  0  0  0  0  0  0  0
   17.8020  -29.1470   34.9740 O   0  0  0  0  0  0  0  0  0  0  0  0
   18.7690  -26.3210   34.6050 C   0  0  0  0  0  0  0  0  0  0  0  0
   18.2110  -25.8830   33.2710 C   0  0  0  0  0  0  0  0  0  0  0  0
   16.9030  -25.6570   33.2280 N   0  0  0  0  0  0  0  0  0  0  0  0
   18.9440  -25.7340   32.2960 O   0  0  0  0  0  0  0  0  0  0  0  0
   20.0030  -27.8485   35.4979 H   0  0  0  0  0  0  0  0  0  0  0  0
   18.7669  -29.2981   33.2054 H   0  0  0  0  0  0  0  0  0  0  0  0
   19.4485  -25.5395   34.9451 H   0  0  0  0  0  0  0  0  0  0  0  0
   17.9398  -26.4692   35.2968 H   0  0  0  0  0  0  0  0  0  0  0  0
   20.7150  -26.6732   32.9705 H   0  0  0  0  0  0  0  0  0  0  0  0
   16.4706  -25.3558   32.3663 H   0  0  0  0  0  0  0  0  0  0  0  0
   16.3406  -25.7863   34.0569 H   0  0  0  0  0  0  0  0  0  0  0  0
   16.2300  -28.0740   28.0320 N   0  0  0  0  0  0  0  0  0  0  0  0
   17.4040  -27.3340   27.5930 C   0  0  2  0  0  0  0  0  0  0  0  0
   18.6370  -28.2170   27.4560 C   0  0  0  0  0  0  0  0  0  0  0  0
   19.6910  -27.7220   27.0480 O   0  0  0  0  0  0  0  0  0  0  0  0
   17.7080  -26.1790   28.5530 C   0  0  1  0  0  0  0  0  0  0  0  0
   16.4920  -25.2830   28.7100 C   0  0  0  0  0  0  0  0  0  0  0  0
   18.0870  -26.7000   29.8340 O   0  0  0  0  0  0  0  0  0  0  0  0
   15.9861  -27.7932   28.9710 H   0  0  0  0  0  0  0  0  0  0  0  0
   17.1664  -26.9397   26.6050 H   0  0  0  0  0  0  0  0  0  0  0  0
   18.5890  -29.2746   27.7155 H   0  0  0  0  0  0  0  0  0  0  0  0
   18.5277  -25.5911   28.1400 H   0  0  0  0  0  0  0  0  0  0  0  0
   15.6622  -25.8647   29.1114 H   0  0  0  0  0  0  0  0  0  0  0  0
   16.7270  -24.4670   29.3934 H   0  0  0  0  0  0  0  0  0  0  0  0
   16.2127  -24.8751   27.7386 H   0  0  0  0  0  0  0  0  0  0  0  0
   16.4304  -29.0638   28.0174 H   0  0  0  0  0  0  0  0  0  0  0  0
   18.3248  -27.6259   29.7458 H   0  0  0  0  0  0  0  0  0  0  0  0
   20.0420  -28.2710   24.0150 N   0  0  0  0  0  0  0  0  0  0  0  0
   20.8140  -27.1130   23.5810 C   0  0  2  0  0  0  0  0  0  0  0  0
   22.2890  -27.4380   23.3900 C   0  0  0  0  0  0  0  0  0  0  0  0
   23.0010  -26.6630   22.7410 O   0  0  0  0  0  0  0  0  0  0  0  0
   20.6590  -25.9660   24.5830 C   0  0  0  0  0  0  0  0  0  0  0  0
   19.3000  -25.2670   24.5870 C   0  0  0  0  0  0  0  0  0  0  0  0
   19.2890  -24.1230   25.5910 C   0  0  0  0  0  0  0  0  0  0  0  0
   18.9350  -24.7770   23.1830 C   0  0  0  0  0  0  0  0  0  0  0  0
   19.8933  -28.2224   25.0128 H   0  0  0  0  0  0  0  0  0  0  0  0
   20.4177  -26.8099   22.6119 H   0  0  0  0  0  0  0  0  0  0  0  0
   22.7131  -28.3448   23.8211 H   0  0  0  0  0  0  0  0  0  0  0  0
   21.3811  -25.2080   24.2796 H   0  0  0  0  0  0  0  0  0  0  0  0
   20.8326  -26.3672   25.5815 H   0  0  0  0  0  0  0  0  0  0  0  0
   18.5431  -25.9893   24.8927 H   0  0  0  0  0  0  0  0  0  0  0  0
   18.6004  -23.3492   25.2517 H   0  0  0  0  0  0  0  0  0  0  0  0
   18.9660  -24.4952   26.5632 H   0  0  0  0  0  0  0  0  0  0  0  0
   20.2917  -23.7042   25.6765 H   0  0  0  0  0  0  0  0  0  0  0  0
   20.5468  -29.1164   23.7901 H   0  0  0  0  0  0  0  0  0  0  0  0
   18.1030  -24.0759   23.2484 H   0  0  0  0  0  0  0  0  0  0  0  0
   19.7953  -24.2784   22.7365 H   0  0  0  0  0  0  0  0  0  0  0  0
   18.6456  -25.6268   22.5648 H   0  0  0  0  0  0  0  0  0  0  0  0
   23.1560  -27.8440   19.6640 N   0  0  0  0  0  0  0  0  0  0  0  0
   23.4080  -26.6050   18.9340 C   0  0  2  0  0  0  0  0  0  0  0  0
   24.8860  -26.2400   18.9860 C   0  0  0  0  0  0  0  0  0  0  0  0
   25.4340  -25.6970   18.0190 O   0  0  0  0  0  0  0  0  0  0  0  0
   22.5460  -25.4720   19.4940 C   0  0  0  0  0  0  0  0  0  0  0  0
   21.0980  -25.8580   19.7800 C   0  0  0  0  0  0  0  0  0  0  0  0
   20.3090  -26.1860   18.5210 C   0  0  0  0  0  0  0  0  0  0  0  0
   20.5820  -25.5740   17.4660 O   0  0  0  0  0  0  0  0  0  0  0  0
   19.4100  -27.0520   18.5870 O   0  0  0  0  0  0  0  0  0  0  0  0
   23.2306  -27.6718   20.6564 H   0  0  0  0  0  0  0  0  0  0  0  0
   23.1363  -26.7577   17.8895 H   0  0  0  0  0  0  0  0  0  0  0  0
   25.4656  -26.4591   19.8828 H   0  0  0  0  0  0  0  0  0  0  0  0
   22.5137  -24.6998   18.7254 H   0  0  0  0  0  0  0  0  0  0  0  0
   22.9973  -25.1287   20.4249 H   0  0  0  0  0  0  0  0  0  0  0  0
   20.6190  -24.9987   20.2493 H   0  0  0  0  0  0  0  0  0  0  0  0
   21.0932  -26.7322   20.4311 H   0  0  0  0  0  0  0  0  0  0  0  0
   23.8345  -28.5404   19.3907 H   0  0  0  0  0  0  0  0  0  0  0  0
   32.4020  -27.0880   28.2770 N   0  0  0  0  0  0  0  0  0  0  0  0
   32.3070  -27.3680   29.7020 C   0  0  2  0  0  0  0  0  0  0  0  0
   30.8870  -27.7880   30.0550 C   0  0  0  0  0  0  0  0  0  0  0  0
   29.9180  -27.2840   29.4780 O   0  0  0  0  0  0  0  0  0  0  0  0
   32.7110  -26.1360   30.5330 C   0  0  0  0  0  0  0  0  0  0  0  0
   32.5030  -26.2770   32.0400 C   0  0  0  0  0  0  0  0  0  0  0  0
   31.1570  -25.7360   32.5010 C   0  0  0  0  0  0  0  0  0  0  0  0
   30.5520  -24.9330   31.7620 O   0  0  0  0  0  0  0  0  0  0  0  0
   30.6990  -26.1200   33.5990 O   0  0  0  0  0  0  0  0  0  0  0  0
   31.8489  -26.2723   28.0560 H   0  0  0  0  0  0  0  0  0  0  0  0
   32.9937  -28.1810   29.9376 H   0  0  0  0  0  0  0  0  0  0  0  0
   32.0589  -25.3243   30.2105 H   0  0  0  0  0  0  0  0  0  0  0  0
   33.7679  -25.9383   30.3539 H   0  0  0  0  0  0  0  0  0  0  0  0
   33.2789  -25.6930   32.5350 H   0  0  0  0  0  0  0  0  0  0  0  0
   32.5639  -27.3329   32.3037 H   0  0  0  0  0  0  0  0  0  0  0  0
   32.0579  -27.8805   27.7539 H   0  0  0  0  0  0  0  0  0  0  0  0
   30.7750  -28.7260   30.9910 N   0  0  0  0  0  0  0  0  0  0  0  0
   29.5180  -29.0000   31.6800 C   0  0  2  0  0  0  0  0  0  0  0  0
   29.8460  -29.7060   32.9920 C   0  0  0  0  0  0  0  0  0  0  0  0
   31.0160  -29.8790   33.3480 O   0  0  0  0  0  0  0  0  0  0  0  0
   28.5550  -29.8110   30.8070 C   0  0  0  0  0  0  0  0  0  0  0  0
   27.1050  -29.6330   31.2310 C   0  0  0  0  0  0  0  0  0  0  0  0
   26.3920  -28.7560   30.5360 N   0  0  0  0  0  0  0  0  0  0  0  0
   26.6430  -30.2560   32.1890 O   0  0  0  0  0  0  0  0  0  0  0  0
   28.9979  -28.0657   31.8913 H   0  0  0  0  0  0  0  0  0  0  0  0
   29.0345  -30.0637   33.6257 H   0  0  0  0  0  0  0  0  0  0  0  0
   28.8090  -30.8650   30.9199 H   0  0  0  0  0  0  0  0  0  0  0  0
   28.6609  -29.4865   29.7718 H   0  0  0  0  0  0  0  0  0  0  0  0
   25.4261  -28.5860   30.7773 H   0  0  0  0  0  0  0  0  0  0  0  0
   26.8151  -28.2584   29.7656 H   0  0  0  0  0  0  0  0  0  0  0  0
   31.5909  -29.2694   31.2343 H   0  0  0  0  0  0  0  0  0  0  0  0
   34.2920  -26.9180   42.6040 N   0  0  0  0  0  0  0  0  0  0  0  0
   33.5500  -26.8330   41.3540 C   0  0  2  0  0  0  0  0  0  0  0  0
   34.0920  -27.8800   40.3920 C   0  0  0  0  0  0  0  0  0  0  0  0
   34.9060  -27.5700   39.5150 O   0  0  0  0  0  0  0  0  0  0  0  0
   33.6310  -25.4290   40.7460 C   0  0  0  0  0  0  0  0  0  0  0  0
   32.7960  -25.2610   39.4830 C   0  0  0  0  0  0  0  0  0  0  0  0
   32.2640  -23.8440   39.3410 C   0  0  0  0  0  0  0  0  0  0  0  0
   31.0710  -23.6360   40.1550 N   0  0  0  0  0  0  0  0  0  0  0  0
   29.8990  -23.2320   39.6800 C   0  0  0  0  0  0  0  0  0  0  0  0
   29.7500  -22.9850   38.3860 N   0  0  0  0  0  0  0  0  0  0  0  0
   28.8730  -23.0740   40.5020 N   0  0  0  0  0  0  0  0  0  0  0  0
   34.5561  -27.8778   42.7748 H   0  0  0  0  0  0  0  0  0  0  0  0
   32.4956  -27.0280   41.5498 H   0  0  0  0  0  0  0  0  0  0  0  0
   33.7589  -28.9144   40.4772 H   0  0  0  0  0  0  0  0  0  0  0  0
   34.6710  -25.2627   40.4652 H   0  0  0  0  0  0  0  0  0  0  0  0
   33.2823  -24.7109   41.4882 H   0  0  0  0  0  0  0  0  0  0  0  0
   31.9436  -25.9371   39.5488 H   0  0  0  0  0  0  0  0  0  0  0  0
   33.7132  -26.5874   43.3628 H   0  0  0  0  0  0  0  0  0  0  0  0
   33.4149  -25.4945   38.6166 H   0  0  0  0  0  0  0  0  0  0  0  0
   31.9972  -23.6825   38.2966 H   0  0  0  0  0  0  0  0  0  0  0  0
   33.0357  -23.1420   39.6567 H   0  0  0  0  0  0  0  0  0  0  0  0
   31.1417  -23.8113   41.1472 H   0  0  0  0  0  0  0  0  0  0  0  0
   28.8561  -22.6777   38.0302 H   0  0  0  0  0  0  0  0  0  0  0  0
   30.5304  -23.1042   37.7560 H   0  0  0  0  0  0  0  0  0  0  0  0
   28.9828  -23.2610   41.4884 H   0  0  0  0  0  0  0  0  0  0  0  0
   27.9806  -22.7665   40.1426 H   0  0  0  0  0  0  0  0  0  0  0  0
   34.9190  -16.7590   42.7940 N   0  0  0  0  0  0  0  0  0  0  0  0
   34.9270  -17.2660   41.4320 C   0  0  2  0  0  0  0  0  0  0  0  0
   36.1220  -16.7880   40.6220 C   0  0  0  0  0  0  0  0  0  0  0  0
   36.3790  -17.3420   39.5450 O   0  0  0  0  0  0  0  0  0  0  0  0
   33.6510  -16.8410   40.7000 C   0  0  0  0  0  0  0  0  0  0  0  0
   32.5090  -17.7940   40.8510 C   0  0  0  0  0  0  0  0  0  0  0  0
   31.7010  -17.7540   41.9740 C   0  0  0  0  0  0  0  0  0  0  0  0
   32.2270  -18.7180   39.8530 C   0  0  0  0  0  0  0  0  0  0  0  0
   30.6330  -18.6290   42.1100 C   0  0  0  0  0  0  0  0  0  0  0  0
   31.1600  -19.5950   39.9800 C   0  0  0  0  0  0  0  0  0  0  0  0
   30.3620  -19.5500   41.1110 C   0  0  0  0  0  0  0  0  0  0  0  0
   35.8629  -16.5373   43.0768 H   0  0  0  0  0  0  0  0  0  0  0  0
   34.9881  -18.3510   41.5168 H   0  0  0  0  0  0  0  0  0  0  0  0
   36.7435  -15.9692   40.9845 H   0  0  0  0  0  0  0  0  0  0  0  0
   33.8953  -16.8125   39.6381 H   0  0  0  0  0  0  0  0  0  0  0  0
   33.3407  -15.8710   41.0884 H   0  0  0  0  0  0  0  0  0  0  0  0
   31.9060  -17.0272   42.7600 H   0  0  0  0  0  0  0  0  0  0  0  0
   32.8512  -18.7543   38.9601 H   0  0  0  0  0  0  0  0  0  0  0  0
   30.0076  -18.5919   43.0020 H   0  0  0  0  0  0  0  0  0  0  0  0
   30.9501  -20.3178   39.1916 H   0  0  0  0  0  0  0  0  0  0  0  0
   29.5226  -20.2376   41.2150 H   0  0  0  0  0  0  0  0  0  0  0  0
   34.5376  -17.4604   43.4126 H   0  0  0  0  0  0  0  0  0  0  0  0
   36.3550  -13.5240   39.5380 N   0  0  0  0  0  0  0  0  0  0  0  0
   35.9740  -12.3280   38.8060 C   0  0  2  0  0  0  0  0  0  0  0  0
   36.4680  -11.0840   39.5380 C   0  0  0  0  0  0  0  0  0  0  0  0
   36.6790  -11.1110   40.7550 O   0  0  0  0  0  0  0  0  0  0  0  0
   34.4560  -12.2700   38.6410 C   0  0  0  0  0  0  0  0  0  0  0  0
   33.9050  -13.3210   37.7200 C   0  0  0  0  0  0  0  0  0  0  0  0
   33.9510  -13.1510   36.3460 C   0  0  0  0  0  0  0  0  0  0  0  0
   33.3450  -14.4800   38.2270 C   0  0  0  0  0  0  0  0  0  0  0  0
   33.4520  -14.1180   35.4960 C   0  0  0  0  0  0  0  0  0  0  0  0
   32.8450  -15.4540   37.3830 C   0  0  0  0  0  0  0  0  0  0  0  0
   32.8970  -15.2720   36.0150 C   0  0  0  0  0  0  0  0  0  0  0  0
   36.5337  -14.2752   38.8870 H   0  0  0  0  0  0  0  0  0  0  0  0
   36.4336  -12.3622   37.8182 H   0  0  0  0  0  0  0  0  0  0  0  0
   36.6365  -10.1620   38.9816 H   0  0  0  0  0  0  0  0  0  0  0  0
   34.2225  -11.3034   38.1945 H   0  0  0  0  0  0  0  0  0  0  0  0
   33.9980  -12.3975   39.6219 H   0  0  0  0  0  0  0  0  0  0  0  0
   34.3867  -12.2423   35.9305 H   0  0  0  0  0  0  0  0  0  0  0  0
   33.2974  -14.6271   39.3060 H   0  0  0  0  0  0  0  0  0  0  0  0
   33.4959  -13.9712   34.4168 H   0  0  0  0  0  0  0  0  0  0  0  0
   32.4105  -16.3641   37.7965 H   0  0  0  0  0  0  0  0  0  0  0  0
   32.5013  -16.0366   35.3465 H   0  0  0  0  0  0  0  0  0  0  0  0
   35.6070  -13.7898   40.1624 H   0  0  0  0  0  0  0  0  0  0  0  0
   32.1070   -6.9380   39.5100 N   0  0  0  0  0  0  0  0  0  0  0  0
   31.9700   -7.2650   38.0940 C   0  0  2  0  0  0  0  0  0  0  0  0
   30.5030   -7.3480   37.6850 C   0  0  0  0  0  0  0  0  0  0  0  0
   30.1020   -6.8030   36.6510 O   0  0  0  0  0  0  0  0  0  0  0  0
   32.6910   -8.5830   37.8090 C   0  0  0  0  0  0  0  0  0  0  0  0
   32.7470   -8.9840   36.3530 C   0  0  0  0  0  0  0  0  0  0  0  0
   33.7220   -8.4710   35.5070 C   0  0  0  0  0  0  0  0  0  0  0  0
   31.8370   -9.8950   35.8280 C   0  0  0  0  0  0  0  0  0  0  0  0
   33.7830   -8.8440   34.1730 C   0  0  0  0  0  0  0  0  0  0  0  0
   31.8900  -10.2740   34.4990 C   0  0  0  0  0  0  0  0  0  0  0  0
   32.8640   -9.7460   33.6740 C   0  0  0  0  0  0  0  0  0  0  0  0
   32.9180  -10.1270   32.3490 O   0  0  0  0  0  0  0  0  0  0  0  0
   32.5808   -7.6924   39.9860 H   0  0  0  0  0  0  0  0  0  0  0  0
   32.4249   -6.4705   37.5024 H   0  0  0  0  0  0  0  0  0  0  0  0
   29.7995   -7.8949   38.3127 H   0  0  0  0  0  0  0  0  0  0  0  0
   32.1146   -9.3581   38.3140 H   0  0  0  0  0  0  0  0  0  0  0  0
   33.7140   -8.4944   38.1747 H   0  0  0  0  0  0  0  0  0  0  0  0
   34.4520   -7.7627   35.8988 H   0  0  0  0  0  0  0  0  0  0  0  0
   31.0685  -10.3178   36.4752 H   0  0  0  0  0  0  0  0  0  0  0  0
   34.5518   -8.4278   33.5220 H   0  0  0  0  0  0  0  0  0  0  0  0
   31.1659  -10.9866   34.1041 H   0  0  0  0  0  0  0  0  0  0  0  0
   32.2331   -9.6696   31.8558 H   0  0  0  0  0  0  0  0  0  0  0  0
   31.1915   -6.8056   39.9156 H   0  0  0  0  0  0  0  0  0  0  0  0
   22.6230  -15.8400   40.5240 N   0  0  0  0  0  0  0  0  0  0  0  0
   22.1480  -16.6040   39.3770 C   0  0  2  0  0  0  0  0  0  0  0  0
   23.1680  -16.5730   38.2460 C   0  0  0  0  0  0  0  0  0  0  0  0
   23.5110  -17.6130   37.6710 O   0  0  0  0  0  0  0  0  0  0  0  0
   20.8010  -16.0530   38.9090 C   0  0  0  0  0  0  0  0  0  0  0  0
   19.8660  -17.0900   38.3190 C   0  0  0  0  0  0  0  0  0  0  0  0
   18.5280  -16.4610   37.9670 C   0  0  0  0  0  0  0  0  0  0  0  0
   18.0330  -15.6220   39.0560 N   0  0  0  0  0  0  0  0  0  0  0  0
   17.2680  -14.5480   38.8860 C   0  0  0  0  0  0  0  0  0  0  0  0
   16.8690  -13.8420   39.9360 N   0  0  0  0  0  0  0  0  0  0  0  0
   16.9120  -14.1740   37.6640 N   0  0  0  0  0  0  0  0  0  0  0  0
   22.8569  -16.4718   41.2765 H   0  0  0  0  0  0  0  0  0  0  0  0
   22.0167  -17.6434   39.6777 H   0  0  0  0  0  0  0  0  0  0  0  0
   21.0182  -15.3433   38.1107 H   0  0  0  0  0  0  0  0  0  0  0  0
   20.3048  -15.5942   39.7642 H   0  0  0  0  0  0  0  0  0  0  0  0
   19.7026  -17.8768   39.0555 H   0  0  0  0  0  0  0  0  0  0  0  0
   20.3151  -17.5076   37.4179 H   0  0  0  0  0  0  0  0  0  0  0  0
   17.8073  -17.2602   37.7938 H   0  0  0  0  0  0  0  0  0  0  0  0
   18.6466  -15.8495   37.0725 H   0  0  0  0  0  0  0  0  0  0  0  0
   18.2888  -15.8745   39.9999 H   0  0  0  0  0  0  0  0  0  0  0  0
   16.2915  -13.0239   39.8045 H   0  0  0  0  0  0  0  0  0  0  0  0
   21.8993  -15.2052   40.8294 H   0  0  0  0  0  0  0  0  0  0  0  0
   17.1427  -14.1227   40.8668 H   0  0  0  0  0  0  0  0  0  0  0  0
   17.2185  -14.7077   36.8632 H   0  0  0  0  0  0  0  0  0  0  0  0
   16.3345  -13.3556   37.5345 H   0  0  0  0  0  0  0  0  0  0  0  0
   23.6720  -15.3800   37.9200 N   0  0  0  0  0  0  0  0  0  0  0  0
   24.7070  -15.2630   36.8970 C   0  0  2  0  0  0  0  0  0  0  0  0
   25.9900  -15.9640   37.3250 C   0  0  0  0  0  0  0  0  0  0  0  0
   26.5890  -16.7090   36.5410 O   0  0  0  0  0  0  0  0  0  0  0  0
   24.9710  -13.7890   36.5950 C   0  0  0  0  0  0  0  0  0  0  0  0
   23.7520  -13.0490   36.0450 C   0  0  0  0  0  0  0  0  0  0  0  0
   24.1180  -11.6300   35.6730 C   0  0  0  0  0  0  0  0  0  0  0  0
   23.1760  -13.7880   34.8400 C   0  0  0  0  0  0  0  0  0  0  0  0
   24.3531  -15.7540   35.9905 H   0  0  0  0  0  0  0  0  0  0  0  0
   25.7405  -13.7539   35.8238 H   0  0  0  0  0  0  0  0  0  0  0  0
   25.2858  -13.2988   37.5163 H   0  0  0  0  0  0  0  0  0  0  0  0
   22.9894  -13.0147   36.8230 H   0  0  0  0  0  0  0  0  0  0  0  0
   25.0967  -11.6217   35.1932 H   0  0  0  0  0  0  0  0  0  0  0  0
   23.3732  -11.2306   34.9847 H   0  0  0  0  0  0  0  0  0  0  0  0
   24.1495  -11.0147   36.5722 H   0  0  0  0  0  0  0  0  0  0  0  0
   22.2762  -13.2771   34.4973 H   0  0  0  0  0  0  0  0  0  0  0  0
   23.9125  -13.8037   34.0366 H   0  0  0  0  0  0  0  0  0  0  0  0
   22.9266  -14.8101   35.1251 H   0  0  0  0  0  0  0  0  0  0  0  0
   23.3337  -14.5502   38.3859 H   0  0  0  0  0  0  0  0  0  0  0  0
   26.4230  -15.7460   38.5700 N   0  0  0  0  0  0  0  0  0  0  0  0
   27.6470  -16.3740   39.0540 C   0  0  2  0  0  0  0  0  0  0  0  0
   27.5010  -17.8890   39.1510 C   0  0  0  0  0  0  0  0  0  0  0  0
   28.4310  -18.6280   38.8080 O   0  0  0  0  0  0  0  0  0  0  0  0
   28.0300  -15.7860   40.4140 C   0  0  0  0  0  0  0  0  0  0  0  0
   28.5970  -14.3620   40.4150 C   0  0  0  0  0  0  0  0  0  0  0  0
   28.5190  -13.7450   41.8020 C   0  0  0  0  0  0  0  0  0  0  0  0
   30.0310  -14.3530   39.9050 C   0  0  0  0  0  0  0  0  0  0  0  0
   28.4401  -16.1672   38.3354 H   0  0  0  0  0  0  0  0  0  0  0  0
   28.8408  -16.4163   40.7794 H   0  0  0  0  0  0  0  0  0  0  0  0
   27.1362  -15.7864   41.0379 H   0  0  0  0  0  0  0  0  0  0  0  0
   27.9888  -13.7581   39.7416 H   0  0  0  0  0  0  0  0  0  0  0  0
   27.4976  -13.4180   41.9966 H   0  0  0  0  0  0  0  0  0  0  0  0
   28.8109  -14.4855   42.5466 H   0  0  0  0  0  0  0  0  0  0  0  0
   29.1909  -12.8885   41.8576 H   0  0  0  0  0  0  0  0  0  0  0  0
   30.6945  -14.7341   40.6813 H   0  0  0  0  0  0  0  0  0  0  0  0
   30.1066  -14.9855   39.0205 H   0  0  0  0  0  0  0  0  0  0  0  0
   30.3199  -13.3336   39.6492 H   0  0  0  0  0  0  0  0  0  0  0  0
   25.8968  -15.1396   39.1828 H   0  0  0  0  0  0  0  0  0  0  0  0
   26.3460  -18.3720   39.6140 N   0  0  0  0  0  0  0  0  0  0  0  0
   26.1680  -19.8010   39.8270 C   0  0  0  0  0  0  0  0  0  0  0  0
   26.2270  -20.6320   38.5620 C   0  0  0  0  0  0  0  0  0  0  0  0
   26.4290  -21.8500   38.6400 O   0  0  0  0  0  0  0  0  0  0  0  0
   25.1679  -19.9325   40.2401 H   0  0  0  0  0  0  0  0  0  0  0  0
   26.9524  -20.1468   40.5003 H   0  0  0  0  0  0  0  0  0  0  0  0
   25.5866  -17.7385   39.8190 H   0  0  0  0  0  0  0  0  0  0  0  0
   26.0600  -20.0070   37.3980 N   0  0  0  0  0  0  0  0  0  0  0  0
   26.0970  -20.7020   36.1190 C   0  0  2  0  0  0  0  0  0  0  0  0
   27.4180  -20.5310   35.3790 C   0  0  0  0  0  0  0  0  0  0  0  0
   27.5710  -21.0820   34.2850 O   0  0  0  0  0  0  0  0  0  0  0  0
   24.9580  -20.2130   35.2210 C   0  0  0  0  0  0  0  0  0  0  0  0
   23.6020  -20.2030   35.8870 C   0  0  0  0  0  0  0  0  0  0  0  0
   22.4940  -20.0820   34.8600 C   0  0  0  0  0  0  0  0  0  0  0  0
   22.3940  -18.7310   34.3110 N   0  0  0  0  0  0  0  0  0  0  0  0
   21.2640  -18.0330   34.2540 C   0  0  0  0  0  0  0  0  0  0  0  0
   20.1340  -18.5530   34.7160 N   0  0  0  0  0  0  0  0  0  0  0  0
   21.2620  -16.8140   33.7290 N   0  0  0  0  0  0  0  0  0  0  0  0
   25.9834  -21.7622   36.3452 H   0  0  0  0  0  0  0  0  0  0  0  0
   24.8923  -20.9155   34.3901 H   0  0  0  0  0  0  0  0  0  0  0  0
   25.9011  -19.0096   37.4025 H   0  0  0  0  0  0  0  0  0  0  0  0
   25.1883  -19.1975   34.8987 H   0  0  0  0  0  0  0  0  0  0  0  0
   23.5502  -19.3444   36.5565 H   0  0  0  0  0  0  0  0  0  0  0  0
   23.4716  -21.1298   36.4458 H   0  0  0  0  0  0  0  0  0  0  0  0
   21.5514  -20.3111   35.3571 H   0  0  0  0  0  0  0  0  0  0  0  0
   22.6920  -20.7787   34.0455 H   0  0  0  0  0  0  0  0  0  0  0  0
   23.2351  -18.3014   33.9530 H   0  0  0  0  0  0  0  0  0  0  0  0
   19.2769  -18.0207   34.6692 H   0  0  0  0  0  0  0  0  0  0  0  0
   20.1310  -19.4811   35.1144 H   0  0  0  0  0  0  0  0  0  0  0  0
   22.1196  -16.4155   33.3744 H   0  0  0  0  0  0  0  0  0  0  0  0
   20.4028  -16.2849   33.6841 H   0  0  0  0  0  0  0  0  0  0  0  0
   28.3700  -19.7880   35.9360 N   0  0  0  0  0  0  0  0  0  0  0  0
   29.5530  -19.3990   35.1900 C   0  0  2  0  0  0  0  0  0  0  0  0
   30.7090  -20.3550   35.4620 C   0  0  0  0  0  0  0  0  0  0  0  0
   30.5760  -21.3530   36.1780 O   0  0  0  0  0  0  0  0  0  0  0  0
   29.9300  -17.9540   35.5230 C   0  0  0  0  0  0  0  0  0  0  0  0
   30.2930  -17.8270   36.8850 O   0  0  0  0  0  0  0  0  0  0  0  0
   29.3308  -19.4568   34.1244 H   0  0  0  0  0  0  0  0  0  0  0  0
   29.0665  -17.3167   35.3325 H   0  0  0  0  0  0  0  0  0  0  0  0
   30.7710  -17.6512   34.8992 H   0  0  0  0  0  0  0  0  0  0  0  0
   30.5482  -18.6857   37.2301 H   0  0  0  0  0  0  0  0  0  0  0  0
   28.2681  -19.4890   36.8953 H   0  0  0  0  0  0  0  0  0  0  0  0
   31.8600  -20.0500   34.8690 N   0  0  0  0  0  0  0  0  0  0  0  0
   33.1070  -20.7650   35.0890 C   0  0  2  0  0  0  0  0  0  0  0  0
   33.9360  -20.0640   36.1550 C   0  0  0  0  0  0  0  0  0  0  0  0
   33.8320  -18.8480   36.3510 O   0  0  0  0  0  0  0  0  0  0  0  0
   33.9130  -20.8370   33.7950 C   0  0  0  0  0  0  0  0  0  0  0  0
   33.2180  -21.4970   32.6790 C   0  0  0  0  0  0  0  0  0  0  0  0
   32.3300  -22.5240   32.7580 C   0  0  0  0  0  0  0  0  0  0  0  0
   33.3580  -21.1870   31.2930 C   0  0  0  0  0  0  0  0  0  0  0  0
   32.5240  -22.0690   30.5830 C   0  0  0  0  0  0  0  0  0  0  0  0
   34.1110  -20.2450   30.5800 C   0  0  0  0  0  0  0  0  0  0  0  0
   31.9070  -22.8770   31.5000 N   0  0  0  0  0  0  0  0  0  0  0  0
   32.4190  -22.0430   29.1940 C   0  0  0  0  0  0  0  0  0  0  0  0
   34.0080  -20.2180   29.2040 C   0  0  0  0  0  0  0  0  0  0  0  0
   33.1670  -21.1130   28.5240 C   0  0  0  0  0  0  0  0  0  0  0  0
   32.8667  -21.7747   35.4220 H   0  0  0  0  0  0  0  0  0  0  0  0
   34.7937  -21.4414   34.0121 H   0  0  0  0  0  0  0  0  0  0  0  0
   34.1595  -19.8201   33.4897 H   0  0  0  0  0  0  0  0  0  0  0  0
   32.0022  -22.9973   33.6836 H   0  0  0  0  0  0  0  0  0  0  0  0
   31.8684  -19.2721   34.2248 H   0  0  0  0  0  0  0  0  0  0  0  0
   34.7655  -19.5469   31.1019 H   0  0  0  0  0  0  0  0  0  0  0  0
   31.2485  -23.6124   31.2863 H   0  0  0  0  0  0  0  0  0  0  0  0
   31.7670  -22.7358   28.6620 H   0  0  0  0  0  0  0  0  0  0  0  0
   34.5885  -19.4906   28.6366 H   0  0  0  0  0  0  0  0  0  0  0  0
   33.1083  -21.0662   27.4366 H   0  0  0  0  0  0  0  0  0  0  0  0
   34.7700  -20.8440   36.8420 N   0  0  0  0  0  0  0  0  0  0  0  0
   35.7420  -20.2670   37.7630 C   0  0  2  0  0  0  0  0  0  0  0  0
   36.8850  -19.6740   36.9520 C   0  0  0  0  0  0  0  0  0  0  0  0
   37.5600  -20.3950   36.2160 O   0  0  0  0  0  0  0  0  0  0  0  0
   36.2780  -21.3210   38.7150 C   0  0  0  0  0  0  0  0  0  0  0  0
   37.4470  -20.8480   39.3850 O   0  0  0  0  0  0  0  0  0  0  0  0
   35.2580  -19.4922   38.3576 H   0  0  0  0  0  0  0  0  0  0  0  0
   36.5386  -22.2107   38.1418 H   0  0  0  0  0  0  0  0  0  0  0  0
   35.5129  -21.5591   39.4539 H   0  0  0  0  0  0  0  0  0  0  0  0
   37.7567  -21.5169   40.0000 H   0  0  0  0  0  0  0  0  0  0  0  0
   34.7283  -21.8461   36.7234 H   0  0  0  0  0  0  0  0  0  0  0  0
   37.1180  -18.3700   37.1090 N   0  0  0  0  0  0  0  0  0  0  0  0
   38.0490  -17.6590   36.2210 C   0  0  2  0  0  0  0  0  0  0  0  0
   39.4450  -18.2740   36.1940 C   0  0  0  0  0  0  0  0  0  0  0  0
   39.9870  -18.4630   35.0920 O   0  0  0  0  0  0  0  0  0  0  0  0
   38.0660  -16.1580   36.5670 C   0  0  0  0  0  0  0  0  0  0  0  0
   39.1580  -15.4230   35.7610 C   0  0  0  0  0  0  0  0  0  0  0  0
   36.6750  -15.5720   36.3090 C   0  0  0  0  0  0  0  0  0  0  0  0
   37.6809  -17.7692   35.2010 H   0  0  0  0  0  0  0  0  0  0  0  0
   39.9548  -18.5413   37.1196 H   0  0  0  0  0  0  0  0  0  0  0  0
   38.3100  -16.0250   37.6210 H   0  0  0  0  0  0  0  0  0  0  0  0
   40.0702  -16.0197   35.7580 H   0  0  0  0  0  0  0  0  0  0  0  0
   36.6489  -17.8649   37.8472 H   0  0  0  0  0  0  0  0  0  0  0  0
   38.8172  -15.2763   34.7361 H   0  0  0  0  0  0  0  0  0  0  0  0
   39.3593  -14.4549   36.2197 H   0  0  0  0  0  0  0  0  0  0  0  0
   35.9865  -15.9190   37.0795 H   0  0  0  0  0  0  0  0  0  0  0  0
   36.7283  -14.4836   36.3337 H   0  0  0  0  0  0  0  0  0  0  0  0
   36.3189  -15.8968   35.3314 H   0  0  0  0  0  0  0  0  0  0  0  0
   39.6360  -21.2240   33.7980 N   0  0  0  0  0  0  0  0  0  0  0  0
   39.6650  -20.8160   32.3990 C   0  0  2  0  0  0  0  0  0  0  0  0
   40.9810  -20.1240   32.0630 C   0  0  0  0  0  0  0  0  0  0  0  0
   41.4960  -20.2710   30.9490 O   0  0  0  0  0  0  0  0  0  0  0  0
   38.4530  -19.9220   32.0810 C   0  0  2  0  0  0  0  0  0  0  0  0
   37.1610  -20.6140   32.5160 C   0  0  0  0  0  0  0  0  0  0  0  0
   38.3980  -19.5860   30.5960 C   0  0  0  0  0  0  0  0  0  0  0  0
   36.9080  -21.9510   31.8340 C   0  0  0  0  0  0  0  0  0  0  0  0
   40.5068  -20.9692   34.2417 H   0  0  0  0  0  0  0  0  0  0  0  0
   39.5990  -21.7049   31.7716 H   0  0  0  0  0  0  0  0  0  0  0  0
   41.4700  -19.4968   32.8084 H   0  0  0  0  0  0  0  0  0  0  0  0
   38.5606  -18.9898   32.6356 H   0  0  0  0  0  0  0  0  0  0  0  0
   36.3415  -19.9559   32.2272 H   0  0  0  0  0  0  0  0  0  0  0  0
   37.2082  -20.7821   33.5919 H   0  0  0  0  0  0  0  0  0  0  0  0
   38.2734  -18.5103   30.4718 H   0  0  0  0  0  0  0  0  0  0  0  0
   39.3248  -19.9016   30.1169 H   0  0  0  0  0  0  0  0  0  0  0  0
   37.5562  -20.1041   30.1366 H   0  0  0  0  0  0  0  0  0  0  0  0
   36.0438  -21.8645   31.1755 H   0  0  0  0  0  0  0  0  0  0  0  0
   39.5086  -22.2243   33.8549 H   0  0  0  0  0  0  0  0  0  0  0  0
   37.7834  -22.2323   31.2486 H   0  0  0  0  0  0  0  0  0  0  0  0
   36.7143  -22.7135   32.5885 H   0  0  0  0  0  0  0  0  0  0  0  0
   24.0000  -16.1560   32.2910 O   0  0  0  0  0  0  0  0  0  0  0  0
   23.4967  -16.6760   31.6602 H   0  0  0  0  0  0  0  0  0  0  0  0
   24.2369  -16.7049   33.0421 H   0  0  0  0  0  0  0  0  0  0  0  0
   27.8020  -11.9660   27.2650 O   0  0  0  0  0  0  0  0  0  0  0  0
   28.3635  -11.2404   26.9825 H   0  0  0  0  0  0  0  0  0  0  0  0
   27.6411  -11.8980   28.2090 H   0  0  0  0  0  0  0  0  0  0  0  0
   22.5510  -28.5950   27.6830 O   0  0  0  0  0  0  0  0  0  0  0  0
   21.7762  -28.8676   27.1860 H   0  0  0  0  0  0  0  0  0  0  0  0
   22.8607  -29.3273   28.2209 H   0  0  0  0  0  0  0  0  0  0  0  0
   29.1960  -22.3220   32.3900 O   0  0  0  0  0  0  0  0  0  0  0  0
   28.8739  -23.0358   31.8347 H   0  0  0  0  0  0  0  0  0  0  0  0
   29.3895  -22.6607   33.2672 H   0  0  0  0  0  0  0  0  0  0  0  0
   32.2150  -16.6750   28.2000 O   0  0  0  0  0  0  0  0  0  0  0  0
   32.9230  -16.1611   28.5953 H   0  0  0  0  0  0  0  0  0  0  0  0
   31.9434  -17.3669   28.8076 H   0  0  0  0  0  0  0  0  0  0  0  0
   31.3540  -24.1720   35.3810 O   0  0  0  0  0  0  0  0  0  0  0  0
   31.3184  -24.4163   34.4533 H   0  0  0  0  0  0  0  0  0  0  0  0
   32.0871  -24.6252   35.8039 H   0  0  0  0  0  0  0  0  0  0  0  0
   34.3970  -24.1490   36.1030 O   0  0  0  0  0  0  0  0  0  0  0  0
   34.5973  -24.9270   36.6285 H   0  0  0  0  0  0  0  0  0  0  0  0
   34.2047  -24.4128   35.2002 H   0  0  0  0  0  0  0  0  0  0  0  0
   21.9130  -23.5570   33.4180 O   0  0  0  0  0  0  0  0  0  0  0  0
   22.7429  -23.9229   33.7327 H   0  0  0  0  0  0  0  0  0  0  0  0
   21.5991  -24.0709   32.6704 H   0  0  0  0  0  0  0  0  0  0  0  0
   21.3580  -21.4880   31.8610 O   0  0  0  0  0  0  0  0  0  0  0  0
   21.7521  -20.8922   32.5023 H   0  0  0  0  0  0  0  0  0  0  0  0
   21.1489  -22.3232   32.2856 H   0  0  0  0  0  0  0  0  0  0  0  0
   18.2910  -21.4260   30.5530 O   0  0  0  0  0  0  0  0  0  0  0  0
   18.1684  -21.9436   31.3522 H   0  0  0  0  0  0  0  0  0  0  0  0
   18.0426  -20.5140   30.7205 H   0  0  0  0  0  0  0  0  0  0  0  0
   13.4900  -22.2880   18.1960 O   0  0  0  0  0  0  0  0  0  0  0  0
   13.4176  -22.2848   17.2387 H   0  0  0  0  0  0  0  0  0  0  0  0
   14.0136  -23.0426   18.4753 H   0  0  0  0  0  0  0  0  0  0  0  0
  1  2  1  0
  1  7  1  0
  1  8  1  0
  2  3  1  0
  2  5  1  0
  2  9  1  1
  3  4  2  0
  3 13  1  0
  5  6  1  0
  5 10  1  0
  5 11  1  0
  6 12  1  0
 13 14  1  0
 13 27  1  0
 14 15  1  0
 14 17  1  0
 14 21  1  6
 15 16  2  0
 15 32  1  0
 17 18  1  0
 17 22  1  0
 17 23  1  0
 18 19  1  0
 18 20  1  0
 18 24  1  0
 19 25  1  0
 19 26  1  0
 19 28  1  0
 20 29  1  0
 20 30  1  0
 20 31  1  0
 32 33  1  0
 32 51  1  0
 33 34  1  0
 33 36  1  0
 33 43  1  6
 34 35  2  0
 34 52  1  0
 36 37  1  0
 36 44  1  0
 36 45  1  0
 37 38  2  0
 37 39  1  0
 38 40  1  0
 38 46  1  0
 39 41  2  0
 39 47  1  0
 40 42  2  0
 40 48  1  0
 41 42  1  0
 41 49  1  0
 42 50  1  0
 52 53  1  0
 52 63  1  0
 53 54  1  0
 53 56  1  0
 53 60  1  1
 54 55  2  0
 54 64  1  0
 56 57  1  0
 56 61  1  0
 56 62  1  0
 57 58  2  0
 57 59  1  0
 64 65  1  0
 64 70  1  0
 65 66  1  0
 65 68  1  0
 65 69  1  0
 66 67  2  0
 66 71  1  0
 71 72  1  0
 71 81  1  0
 72 73  1  0
 72 75  1  0
 72 79  1  6
 73 74  2  0
 73 90  1  0
 75 76  1  0
 75 77  1  0
 75 80  1  6
 76 78  1  0
 76 82  1  0
 76 83  1  0
 77 84  1  0
 77 85  1  0
 77 86  1  0
 78 87  1  0
 78 88  1  0
 78 89  1  0
 90 91  1  0
 90 99  1  0
 91 92  1  0
 91 94  1  0
 91 95  1  6
 92 93  2  0
 92100  1  0
 94 96  1  0
 94 97  1  0
 94 98  1  0
100101  1  0
100111  1  0
101102  1  0
101104  1  0
101107  1  1
102103  2  0
102114  1  0
104105  1  0
104106  1  0
104108  1  6
105109  1  0
105110  1  0
105112  1  0
106113  1  0
114115  1  0
114121  1  0
115116  1  0
115118  1  0
115119  1  0
116117  2  0
116120  1  0
122123  1  0
122134  1  0
122137  1  0
123124  1  0
123126  1  0
123135  1  6
124125  2  0
124136  1  0
126127  1  0
126138  1  0
126139  1  0
127128  2  0
127129  1  0
128130  1  0
128140  1  0
129131  2  0
129141  1  0
130132  2  0
130142  1  0
131132  1  0
131143  1  0
132133  1  0
133144  1  0
145146  1  0
145150  1  0
145155  1  0
146147  1  0
146149  1  0
146151  1  1
147148  2  0
147156  1  0
149152  1  0
149153  1  0
149154  1  0
156157  1  0
156166  1  0
157158  1  0
157160  1  0
157162  1  6
158159  2  0
158167  1  0
160161  1  0
160163  1  0
160164  1  0
161165  1  0
167168  1  0
167180  1  0
168169  1  0
168171  1  0
168176  1  1
169170  2  0
169182  1  0
171172  1  0
171177  1  0
171178  1  0
172173  1  0
172179  1  0
172181  1  0
173174  2  0
173175  1  0
182183  1  0
182195  1  0
183184  1  0
183186  1  0
183189  1  6
184185  2  0
184198  1  0
186187  1  0
186188  1  0
186190  1  0
187191  1  0
187192  1  0
187193  1  0
188194  1  0
188196  1  0
188197  1  0
198199  1  0
198208  1  0
199200  1  0
199202  1  0
199204  1  1
200201  2  0
200209  1  0
202203  1  0
202205  1  0
202206  1  0
203207  1  0
209210  1  0
209222  1  0
210211  1  0
210213  1  0
210218  1  6
211212  2  0
211219  1  0
213214  1  0
213220  1  0
213221  1  0
214215  1  0
214223  1  0
214224  1  0
215216  2  0
215217  1  0
225226  1  0
225231  1  0
225236  1  0
226227  1  0
226229  1  0
226232  1  1
227228  2  0
227237  1  0
229230  1  0
229233  1  0
229234  1  0
230235  1  0
237238  1  0
237250  1  0
238239  1  0
238241  1  0
238245  1  6
239240  2  0
239246  1  0
241242  1  0
241243  1  0
241247  1  1
242244  1  0
242248  1  0
242249  1  0
243251  1  0
243252  1  0
243253  1  0
244254  1  0
244255  1  0
244256  1  0
257258  1  0
257264  1  0
257273  1  0
258259  1  0
258261  1  0
258265  1  6
259260  2  0
259274  1  0
261262  1  0
261263  1  0
261266  1  0
262267  1  0
262268  1  0
262269  1  0
263270  1  0
263271  1  0
263272  1  0
274275  1  0
274280  1  0
275276  1  0
275278  1  0
275279  1  0
276277  2  0
276281  1  0
281282  1  0
281291  1  0
282283  1  0
282285  1  0
282289  1  1
283284  2  0
283293  1  0
285286  1  0
285290  1  0
285292  1  0
286287  2  0
286288  1  0
293294  1  0
293304  1  0
294295  1  0
294297  1  0
294300  1  6
295296  2  0
295309  1  0
297298  1  0
297299  1  0
297301  1  0
298302  1  0
298303  1  0
298305  1  0
299306  1  0
299307  1  0
299308  1  0
309310  1  0
309329  1  0
310311  1  0
310313  1  0
310320  1  6
311312  2  0
311333  1  0
313314  1  0
313321  1  0
313322  1  0
314315  1  0
314323  1  0
314324  1  0
315316  1  0
315325  1  0
315326  1  0
316317  1  0
316327  1  0
317318  2  0
317319  1  0
318328  1  0
318330  1  0
319331  1  0
319332  1  0
333334  1  0
333343  1  0
334335  1  0
334337  1  0
334339  1  6
335336  2  0
335344  1  0
337338  1  0
337340  1  0
337341  1  0
338342  1  0
344345  1  0
344355  1  0
345346  1  0
345348  1  0
345351  1  6
346347  2  0
346352  1  0
348349  1  0
348350  1  0
348353  1  0
349354  1  0
349356  1  0
349357  1  0
350358  1  0
350359  1  0
350360  1  0
361362  1  0
361369  1  0
361379  1  0
362363  1  0
362365  1  0
362370  1  6
363364  2  0
363381  1  0
365366  1  0
365367  1  0
365371  1  1
366368  1  0
366372  1  0
366373  1  0
367374  1  0
367375  1  0
367376  1  0
368377  1  0
368378  1  0
368380  1  0
381382  1  0
381387  1  0
382383  1  0
382385  1  0
382386  1  0
383384  2  0
383388  1  0
388389  1  0
388394  1  0
389390  1  0
389392  1  0
389393  1  0
390391  2  0
390395  1  0
395396  1  0
395403  1  0
396397  1  0
396399  1  0
396401  1  6
397398  2  0
397406  1  0
399400  1  0
399402  1  0
399404  1  0
400405  1  0
406407  1  0
406412  1  0
407408  1  0
407410  1  0
407418  1  1
408409  2  0
408420  1  0
410411  1  0
410413  1  0
410414  1  0
411412  1  0
411415  1  0
411416  1  0
412417  1  0
412419  1  0
420421  1  0
420430  1  0
421422  1  0
421424  1  0
421426  1  6
422423  2  0
422431  1  0
424425  1  0
424427  1  0
424428  1  0
425429  1  0
431432  1  0
431443  1  0
432433  1  0
432435  1  0
432439  1  1
433434  2  0
433440  1  0
435436  1  0
435441  1  0
435442  1  0
436437  1  0
436438  2  0
437444  1  0
437445  1  0
446447  1  0
446453  1  0
446460  1  0
447448  1  0
447450  1  0
447454  1  6
448449  2  0
448455  1  0
450451  1  0
450452  1  0
450456  1  6
451457  1  0
451458  1  0
451459  1  0
452461  1  0
462463  1  0
462470  1  0
462479  1  0
463464  1  0
463466  1  0
463471  1  6
464465  2  0
464472  1  0
466467  1  0
466473  1  0
466474  1  0
467468  1  0
467469  1  0
467475  1  0
468476  1  0
468477  1  0
468478  1  0
469480  1  0
469481  1  0
469482  1  0
483484  1  0
483492  1  0
483499  1  0
484485  1  0
484487  1  0
484493  1  6
485486  2  0
485494  1  0
487488  1  0
487495  1  0
487496  1  0
488489  1  0
488497  1  0
488498  1  0
489490  2  0
489491  1  0
500501  1  0
500509  1  0
500515  1  0
501502  1  0
501504  1  0
501510  1  1
502503  2  0
502516  1  0
504505  1  0
504511  1  0
504512  1  0
505506  1  0
505513  1  0
505514  1  0
506507  2  0
506508  1  0
516517  1  0
516530  1  0
517518  1  0
517520  1  0
517524  1  1
518519  2  0
518525  1  0
520521  1  0
520526  1  0
520527  1  0
521522  1  0
521523  2  0
522528  1  0
522529  1  0
531532  1  0
531542  1  0
531548  1  0
532533  1  0
532535  1  0
532543  1  1
533534  2  0
533544  1  0
535536  1  0
535545  1  0
535546  1  0
536537  1  0
536547  1  0
536549  1  0
537538  1  0
537550  1  0
537551  1  0
538539  1  0
538552  1  0
539540  2  0
539541  1  0
540553  1  0
540554  1  0
541555  1  0
541556  1  0
557558  1  0
557568  1  0
557578  1  0
558559  1  0
558561  1  0
558569  1  1
559560  2  0
559570  1  0
561562  1  0
561571  1  0
561572  1  0
562563  2  0
562564  1  0
563565  1  0
563573  1  0
564566  2  0
564574  1  0
565567  2  0
565575  1  0
566567  1  0
566576  1  0
567577  1  0
579580  1  0
579590  1  0
579600  1  0
580581  1  0
580583  1  0
580591  1  6
581582  2  0
581592  1  0
583584  1  0
583593  1  0
583594  1  0
584585  2  0
584586  1  0
585587  1  0
585595  1  0
586588  2  0
586596  1  0
587589  2  0
587597  1  0
588589  1  0
588598  1  0
589599  1  0
601602  1  0
601613  1  0
601623  1  0
602603  1  0
602605  1  0
602614  1  6
603604  2  0
603615  1  0
605606  1  0
605616  1  0
605617  1  0
606607  2  0
606608  1  0
607609  1  0
607618  1  0
608610  2  0
608619  1  0
609611  2  0
609620  1  0
610611  1  0
610621  1  0
611612  1  0
612622  1  0
624625  1  0
624635  1  0
624645  1  0
625626  1  0
625628  1  0
625636  1  1
626627  2  0
626649  1  0
628629  1  0
628637  1  0
628638  1  0
629630  1  0
629639  1  0
629640  1  0
630631  1  0
630641  1  0
630642  1  0
631632  1  0
631643  1  0
632633  2  0
632634  1  0
633644  1  0
633646  1  0
634647  1  0
634648  1  0
649650  1  0
649667  1  0
650651  1  0
650653  1  0
650657  1  6
651652  2  0
651668  1  0
653654  1  0
653658  1  0
653659  1  0
654655  1  0
654656  1  0
654660  1  0
655661  1  0
655662  1  0
655663  1  0
656664  1  0
656665  1  0
656666  1  0
668669  1  0
668686  1  0
669670  1  0
669672  1  0
669676  1  6
670671  2  0
670687  1  0
672673  1  0
672677  1  0
672678  1  0
673674  1  0
673675  1  0
673679  1  0
674680  1  0
674681  1  0
674682  1  0
675683  1  0
675684  1  0
675685  1  0
687688  1  0
687693  1  0
688689  1  0
688691  1  0
688692  1  0
689690  2  0
689694  1  0
694695  1  0
694707  1  0
695696  1  0
695698  1  0
695705  1  1
696697  2  0
696718  1  0
698699  1  0
698706  1  0
698708  1  0
699700  1  0
699709  1  0
699710  1  0
700701  1  0
700711  1  0
700712  1  0
701702  1  0
701713  1  0
702703  2  0
702704  1  0
703714  1  0
703715  1  0
704716  1  0
704717  1  0
718719  1  0
718728  1  0
719720  1  0
719722  1  0
719724  1  6
720721  2  0
720729  1  0
722723  1  0
722725  1  0
722726  1  0
723727  1  0
729730  1  0
729747  1  0
730731  1  0
730733  1  0
730743  1  1
731732  2  0
731753  1  0
733734  1  0
733744  1  0
733745  1  0
734735  2  0
734736  1  0
735739  1  0
735746  1  0
736737  2  0
736738  1  0
737739  1  0
737740  1  0
738741  2  0
738748  1  0
739749  1  0
740742  2  0
740750  1  0
741742  1  0
741751  1  0
742752  1  0
753754  1  0
753763  1  0
754755  1  0
754757  1  0
754759  1  1
755756  2  0
755764  1  0
757758  1  0
757760  1  0
757761  1  0
758762  1  0
764765  1  0
764775  1  0
765766  1  0
765768  1  0
765771  1  6
766767  2  0
766772  1  0
768769  1  0
768770  1  0
768773  1  0
769774  1  0
769776  1  0
769777  1  0
770778  1  0
770779  1  0
770780  1  0
781782  1  0
781789  1  0
781799  1  0
782783  1  0
782785  1  0
782790  1  6
783784  2  0
783791  1  0
785786  1  0
785787  1  0
785792  1  1
786788  1  0
786793  1  0
786794  1  0
787795  1  0
787796  1  0
787797  1  0
788798  1  0
788800  1  0
788801  1  0
802803  1  0
802804  1  0
805806  1  0
805807  1  0
808809  1  0
808810  1  0
811812  1  0
811813  1  0
814815  1  0
814816  1  0
817818  1  0
817819  1  0
820821  1  0
820822  1  0
823824  1  0
823825  1  0
826827  1  0
826828  1  0
829830  1  0
829831  1  0
832833  1  0
832834  1  0
M  CHG  8  59  -1 175  -1 217  -1 288  -1 318   1 491  -1 508  -1 540   1
M  CHG  2 633   1 703   1
M  END
 --not_batched` failed. (See above for error)

